sequence	20180222-87YZrdRC1	20180222-87YZrdRC2	20180222-87YZrfRC1	20180222-87YZrfRC2	test_coef	control_coef	test_CPM	control_CPM	sd_test	sd_control	logFC	PValue	QValue
Gal-[1130].SDB10	24	42	140	589	-5.67427070788534	-5.81740315135898	3433.17184868178	2975.32158104037	515.674485167705	2580.72797436465	0.206496466389745	0.809651132543286	0.878469379010528
Lac-peg4-[1080].SDB9	3	10	72	140	-6.86866068945449	-7.47459711400397	1039.86883970072	567.314284582679	331.240197111977	299.426834635735	0.874181474791531	0.296780411559337	0.637997896472246
Lac-[650].SDB66	16	28	202	522	-5.65799238665386	-6.22222018399897	3489.51546847556	1984.83362594814	343.782990111803	1655.30453917922	0.81400864516149	0.222181065731825	0.571322740453265
Lec-[1000].SDB67	51	88	784	1093	-4.66988615584072	-5.07222592545471	9373.33656588779	6268.45149424307	1025.60278454295	538.499559765333	0.58045359037451	0.0793363882271935	0.394192356406311
LacDiNAc-[840].SDB34	187	229	2004	3304	-3.64078564101081	-3.95017822038903	26231.7271474079	19251.2705007166	1500.18832312848	4594.99123430832	0.446359139956791	0.105631928441234	0.394192356406311
Galili-tri-[680].SDB57	27	15	174	294	-6.06981045796621	-6.18576952460449	2311.61131659135	2058.5168636095	1231.16801229769	443.921710220061	0.167293570385158	0.801316999713569	0.878469379010528
P1.tri-[1220].SDB58	138	180	1612	1870	-4.04060486275506	-4.22367487423078	17586.8315784234	14644.727963914	488.982135056193	1273.37873841944	0.264114197691505	0.118893346846599	0.407634332045483
LNT-2-[970].SDB54	64	98	837	1725	-4.38227978647481	-4.9102428675908	12496.836002991	7370.69801030308	588.830400336857	4095.95156537552	0.761689718898485	0.08267775210069	0.394192356406311
GNLN-[1130].SDB55	67	110	772	992	-4.72689536449194	-4.82697620545552	8853.91659730875	8010.70741393149	1032.39939175031	1.39364692105791	0.144386132946164	0.478306575687839	0.700652102477354
Gala3-type1-[410].SDB112	94	95	341	0	-6.23679025110533	-4.72421288307951	1956.12412439093	8877.69894760361	1883.70053506957	2765.01110077234	-2.18218786781173	0.515757797656941	0.700652102477354
Di-LN-[270].SDB149	91	107	267	0	-6.48128413163145	-4.68937330434109	1531.84232859568	9192.44521697923	979.323994865274	2164.97936629388	-2.58518086424705	0.444962825276254	0.696463552606311
LNnT-[350].SDB88	33	41	243	356	-5.81458223658287	-5.67753669937094	2983.72655894159	3421.97742904562	231.701235169297	275.582465524956	-0.197714916911623	0.651566153660604	0.820507388297418
LNT-NAc-[920].SDB42	91	155	1028	1446	-4.39433600985905	-4.5006782387502	12347.0759409198	11101.4645408492	1716.56706837024	787.046884869104	0.153419406258336	0.412296651594783	0.690357184065684
P1.penta-[190].SDB118	23	23	139	0	-7.13335649424926	-6.13641275605711	798.036282904452	2162.6677367112	474.647802564544	1127.08663638521	-1.43828578713512	0.631486005318925	0.820507388297418
P1.penta-[860].SDB13	164	184	1373	1978	-4.09244005392333	-4.12185334750386	16698.4387171095	16214.4355935466	2261.15725788021	1345.91931808272	0.0424344127848297	0.817464561023686	0.878469379010528
3'GN-Di-LN-[80].SDB150	48	72	146	0	-7.08434569999115	-5.20865269387276	838.122991802259	5469.03719339945	357.376204526533	1183.84639505209	-2.7060529981571	0.405930864793686	0.690357184065684
Tri-LN-[730].SDB47	168	205	1883	3485	-3.63645844479261	-4.05899957266062	26345.4829221936	17266.2841404083	1388.90995024191	6718.02928149937	0.609597989746805	0.0901499619529491	0.394192356406311
Di-N3-[160].SDB82	70	4	35	77	-7.51151478958245	-5.5340881828394	546.752246504654	3949.80849769965	5151.43048062353	201.984029030748	-2.85282355927009	0.201400819931808	0.537068853151488
2'FL-[160].SDB153	59	81	218	0	-6.68387443126006	-5.04783758212248	1250.92196034709	6423.20809947607	18.0419394333145	1767.66105562572	-2.36030224896239	0.472962203688678	0.700652102477354
H-type2-[240].SDB152	2351	2160	217	0	-6.68843174828176	-1.54432314983202	1245.23408297891	213456.300271683	59244.6600222801	1759.55251867331	-7.42137996477771	0.134302693988291	0.439536089416225
H-type1-[700].SDB59	13	20	204	421	-5.7925192704284	-6.50008493052564	3050.28798829538	1503.31151051879	124.871587301306	1001.89181515907	1.02080146892561	0.0896384645414618	0.394192356406311
Gal-[110].SDB130	9	15	57	409	-6.14020827719201	-6.82341803480278	2154.47484359379	1087.99575217951	151.254634074834	2118.14033328848	0.985663329192008	0.409520400497426	0.690357184065684
H2-[300].SDB76	8844	8104	455	0	-5.94844842296057	-0.220486492973982	2609.88681898707	802128.473158617	224074.052408105	3689.38431334725	-8.26370227079242	0.14565814058622	0.455973309661211
Tri-AN3-[860].SDB80	140	135	434	547	-5.31225403402176	-4.34558338546802	4930.79999144581	12963.9430652812	3169.9825231031	68.1543382071568	-1.3946109508414	0.00927569248063056	0.111308309767567
LeA-[1380].SDB56	66	95	724	992	-4.75846737568653	-4.91173546449152	8578.74732390135	7359.70473560154	266.734692621023	387.816126794697	0.221119111645484	0.288490390174656	0.637997896472246
Tri-BN3-[840].SDB81	352	383	146	253	-6.23063878522786	-3.37182549828331	1968.19424158966	34326.9163854572	5523.0787536627	412.297164147698	-4.12439575190238	0.000534922327524276	0.0272218038856581
A.tetra.L-[890].SDB29	96	112	662	731	-4.95348075248283	-4.63950683552624	7058.79619610102	9662.46163552922	1082.50829977061	756.069083938965	-0.452968612961755	0.100757195656689	0.394192356406311
Gala3Lex-[650].SDB23	528	454	237	158	-6.18235675121989	-3.06394952156548	2065.55411661799	46702.8764696261	15052.4279871582	924.922141699537	-4.49891064569471	0.00397471539438907	0.0715448770990033
B.tetra.type.2-[1000].SDB26	78	95	623	537	-5.12107697795816	-4.82704715736294	5969.59031456597	8010.13905912391	654.88040496066	1663.75650044218	-0.424195364046205	0.301276784445227	0.637997896472246
B.tetra.type.1-[350].SDB105	48	44	129	0	-7.20795785778207	-5.43674435204513	740.668161815493	4353.63412317233	1215.22691569418	1046.00126686109	-2.55532094108223	0.422949170050614	0.692098641901005
A.tetra.type.2-[1050].SDB24	124	165	1103	1380	-4.3834204449878	-4.32082811516038	12482.5895073568	13288.8742663543	256.230478471994	237.478662874749	-0.0903016438396962	0.406168340972043	0.690357184065684
A.tetra.type.1-[380].SDB106	6	5	20	0	-9.06384654462287	-7.55465098783011	115.776778430493	523.668876830928	179.985563037143	162.170739048231	-2.17730894551657	0.404512217740258	0.690357184065684
Lec-LeX-[510].SDB1	135	106	383	337	-5.59906042769062	-4.46199973902382	3701.33975957601	11539.2646816843	4414.74374981552	979.481196448218	-1.64043181672939	0.0317263700597606	0.253810960478085
Di-Lex-[490].SDB48	527	466	283	627	-5.42110299884258	-3.05494441248343	4422.26620226073	47125.3402781551	14301.6539632175	1660.94416744091	-3.41364525849719	0.00502592262372824	0.0723732857816867
Lex-LeA-[190].SDB113	4136	3744	169	0	-6.93815854249504	-0.985372030787417	970.0542671706	373300.321887091	107370.500700784	1370.34274495755	-8.5880555799113	0.109497876779531	0.394192356406311
H3-[810].SDB77	486	368	285	0	-6.41608552137712	-3.1940440543201	1635.04406916714	41005.7058732667	16656.9133005859	2310.93303143729	-4.64842324606176	0.247352059331228	0.614115457649946
Ley-Lex-[760].SDB22	570	584	475	511	-5.2972820629976	-2.91603731924332	5005.17919831075	54147.8333010508	10976.7091990979	627.723594881296	-3.43540998295721	0.000756161219046058	0.0272218038856581
Ley-Di-Lex-[320].SDB40	0	0	0	0	-12.9994476513207	-12.9994476513207	2.26157824180823	2.26157824180823	0	0	2.56274120305193e-15	1	1
Tri-Lex-[490].SDB49	1103	1126	1016	1308	-4.45136869563016	-2.25743778584293	11662.5935007192	104618.19586424	21470.67652765	13.7255687345247	-3.16517324360305	0.0032207115452702	0.0715448770990033
GM3-[590].SDB70	350	454	3448	3362	-3.35901717244565	-3.29577551104272	34769.4144960961	37039.3095127356	1381.80403969656	6747.82179124436	-0.0912384312835814	0.716821910058845	0.846084877446506
3'SL.(Gc)-[240].SDB161	142	128	407	0	-6.05995094495108	-4.35877163339895	2334.51540448767	12794.0938386439	3716.73581942189	3300.1745396315	-2.45428295643915	0.476403351872301	0.700652102477354
3'SLN-[350].SDB129	17	19	153	198	-6.34086013418458	-6.38973218364169	1762.78535262401	1678.70572604576	238.497842376662	8.54967521999505	0.070507463389855	0.852571943645693	0.902723234448381
3'SLN-[650].SDB71	1	1	20	22	-8.44496369387437	-9.26010662178882	214.980400625274	95.1451800546125	20.6368609810671	23.3756469439019	1.17600265971788	0.19044837375658	0.527395496556684
3'SLN.(Gc)-[190].SDB73	47	60	644	1496	-4.56895845829005	-5.31099786291098	10368.7535848453	4936.99781189457	239.795303150538	4216.16846574134	1.07053656919082	0.0700085566929422	0.394192356406311
6'SLN-[460].SDB160	20	19	95	124	-6.81232934200337	-6.29767624295767	1100.12734026202	1840.57686491117	468.901616772083	11.9885995634851	-0.742487473771371	0.163614044111173	0.471208447040177
6'SLN-[270].SDB128	4	7	88	34	-7.32655379246952	-7.60301063775435	657.836727143699	498.947021217317	85.9457475279509	499.049745832799	0.398842919712238	0.67034394526659	0.820507388297418
6'SLN.(Gc)-[<8].SDB107	9	4	90	0	-7.56733130947953	-7.34858752929549	517.070510153519	643.500644550904	466.553734583303	729.768325717039	-0.315580566896828	0.913688432845857	0.930744248459131
6'SLDN-[590].SDB35	16	46	168	206	-6.27412240096964	-5.91344026710552	1884.44411463834	2702.87227162392	1354.74213882512	62.6074364827859	-0.520354325863017	0.387436153598024	0.690357184065684
3'SLec.(Gc)-[190].SDB74	27	38	216	316	-5.93301541750051	-5.81654717957737	2650.47762996956	2977.86946265677	60.6131221693251	242.158250323105	-0.16802814927279	0.648884141674059	0.820507388297418
3'KDNLN-[220].SDB87	1	16	52	57	-7.49728172019711	-7.26106193234981	554.589853455927	702.36177874534	821.82909628003	62.0384556187297	-0.340793116487146	0.804962610474899	0.878469379010528
3'-KDNLec-[220].SDB111	18	30	47	0	-8.21493983941022	-6.13187392902339	270.580788844357	2172.50602174675	302.509268149669	381.101236763343	-3.00522885875993	0.32012329472474	0.642233084903829
9OAc3'SLN-[860].SDB17	21	41	325	398	-5.61546107396038	-5.88767058055533	3641.13048058934	2773.42965914553	689.913862412386	124.345116009981	0.39271530524736	0.435281304450324	0.696450087120518
CT|Sda-[570].SDB21	17	10	116	128	-6.69403465164053	-6.6320531616532	1238.27666582181	1317.45535844872	743.97741673332	133.055205145461	-0.0894203882316352	0.890705416863862	0.929431739336204
GD1a-[570].SDB14	59	91	580	667	-5.06670335092183	-4.98771858545924	6303.1652512536	6821.20875887847	579.685910940712	494.936594508357	-0.113950929438656	0.73845168490473	0.857556795373234
3'S-Di-Lec-[270].SDB115	1	1	1	0	-11.7898351680928	-9.26010662178882	7.58122950155048	95.1451800546125	20.6368609810671	8.10853695241155	-3.64962682854794	0.0731772285537277	0.394192356406311
3'SLecLN-[1270].SDB2	85	142	906	1357	-4.48733469396839	-4.57958018603956	11250.5901495658	10259.2023488393	1447.23745420146	1214.79915682307	0.133082113955446	0.490117725302551	0.700652102477354
6'S-Di-LN-[380].SDB79	233	220	247	0	-6.55911087099362	-3.84483202678808	1417.14517523199	21389.9942054443	5538.52577154826	2002.80862724565	-3.91587662812517	0.292385790476857	0.637997896472246
GM1-[160].SDB121	85	95	137	0	-7.14792156792284	-4.78075263611846	786.497064428129	8389.68221282503	1192.48921188331	1110.86956248038	-3.4151028788606	0.321116542451915	0.642233084903829
SSEA-4-[570].SDB6	8	15	92	65	-7.1069766947027	-6.87390954109376	819.368452190458	1034.4250218313	228.055892206641	335.908991131799	-0.336244826705719	0.590316483876261	0.787088645168348
GD3-[410].SDB45	105	118	1327	1794	-4.15959854874925	-4.56698509642873	15613.8248514805	10389.2350897829	1436.73324005243	558.08033847562	0.587734552062055	0.0271290715003486	0.244161643503137
TetraSLac-[490].SDB15	19	8	112	114	-6.76552647668936	-6.61141682568131	1152.84039088807	1344.92527420814	1009.90872729841	188.945206856752	-0.222333229262442	0.787696724953345	0.878469379010528
GQ2-[430].SDB16	33	40	251	263	-5.9466781815928	-5.68926034710649	2614.51104038564	3382.09361978805	287.865632320037	376.010537626273	-0.371375433249776	0.401552633274461	0.690357184065684
GT2-[430].SDB51	39	50	719	854	-4.83655197742567	-5.4954410661497	7934.36480945676	4105.44529320465	187.02920960348	442.264948006765	0.950576020798003	0.0825622643576036	0.394192356406311
3'S-Di-Lex-[760].SDB52	172	206	1558	1732	-4.09465042101058	-4.04423643846568	16661.5697996925	17523.0794983545	1639.9505856184	1706.14150255274	-0.0727320026089867	0.67236022096594	0.820507388297418
3'S-Tri-LeX-[220].SDB53	29	48	188	147	-6.35637726149749	-5.65936032089702	1735.64311725248	3484.74530415361	468.654577413109	597.001377083536	-1.0055828836199	0.101626235655	0.394192356406311
GD2-[270].SDB122	103	104	351	0	-6.20790357312482	-4.6331720857027	2013.45410188043	9723.86519542618	2069.43228389918	2846.09647029645	-2.2718573076356	0.501910750278638	0.700652102477354
GT3-[380].SDB124	86	83	369	1	-6.15580396067138	-4.83252736995676	2121.13499052207	7966.36185792085	1943.26323582399	2985.74126761694	-1.90908457514844	0.515232343444937	0.700652102477354
(Man)3-[460].SDB127	6697	6497	371	257	-5.72126882951369	-0.47527766474106	3275.55214728782	621712.404882585	149437.937420355	1386.8881788532	-7.56836543796479	0.0124391940051139	0.127945995481172
(Galf)2-[490].SDB131	9	11	48	34	-7.75451752310404	-6.98339095312241	428.801039885701	927.153931187815	73.4029545281247	174.708267736337	-1.11250047841021	0.154418504584238	0.463255513752715
(Galf)3-[380].SDB132	13	8	85	513	-5.88569587676002	-6.88692425387806	2778.91177221277	1021.04950532604	549.101178507572	2547.22355220506	1.44446721446551	0.262856485358538	0.630855564860492
(Galf)4-[30].SDB125	4	16	53	88	-7.26605385036513	-7.0573182886451	698.864382947996	861.084179686377	591.425321884609	125.427909939504	-0.301141759750664	0.713823173515747	0.846084877446506
(Galf)4-[220].SDB126	4	16	58	130	-6.99651230525521	-7.05735128003557	915.067884019728	861.055771790583	591.425321884609	349.857673740257	0.087772087208394	0.91781724500831	0.930744248459131
