sequence	20190703-87YUbcBS1	20190703-87YUbcBS2	20190703-87YUbcBS3	20190703-87YUsbBS1	20190703-87YUsbBS2	20190703-87YUsbBS3	20190703-87YUsbBS4	test_coef	control_coef	test_CPM	control_CPM	sd_test	sd_control	logFC	PValue	QValue
bMan-[<8].SDB99	25	22	15	4	305	0	20	-7.2094864298238	-7.10138383199493	739.536862028031	823.963906343865	479.286164977046	487.566541859379	-0.155959081794923	0.821172910969833	0.869477199850411
bMan-[<8].SDB126	246	75	243	5	646	3	50	-6.45889615677608	-5.03663760292959	1566.52395321499	6495.5522668934	2313.43323760533	772.098939040441	-2.05188536249623	0.00171457601221457	0.00841700951450787
bMan-[80].SDB125	397	269	832	8	351	7	70	-6.34188096801897	-3.9581279868692	1760.98675988163	19098.8341154376	11233.4634003731	506.625904615224	-3.43902860460906	0.000139140886101427	0.00107337254992529
bMan-[80].SDB89	229	75	112	5	176	5	19	-7.08841531617775	-5.3548122537537	834.719083905688	4725.35658219036	502.949881720771	467.418478522843	-2.5010605410291	4.74590784854396e-05	0.000427131706368956
bMan-[190].SDB88	468	493	916	4	139	5	27	-7.08904647235375	-3.67237465138755	834.192412024244	25416.0439856634	12899.143743577	483.289141112779	-4.92921549245301	2.09034325237118e-05	0.000282196339070109
bMan-[350].SDB87	1083	598	1300	1	183	1	62	-7.02678300381051	-3.2939659598172	887.783186784256	37106.3947194102	12096.9727433968	797.590811156678	-5.38531663791495	4.40116003296964e-05	0.000427131706368956
aMan-[160].SDB54	62	19	54	9	165	3	7	-7.21892316228092	-6.46741503401221	732.590875771909	1553.23560921824	427.18083662982	533.556400351989	-1.08419704984101	0.100151643376003	0.180272958076805
aMan-[160].SDB57	48	15	63	0	98	1	24	-7.7560570266844	-6.51851421965489	428.141407033386	1475.86027834148	778.015810590074	305.817859691129	-1.78539687058928	0.0246922702901412	0.0579731563333749
aMan-[460].SDB52	3811	1390	2086	299	141846	2033	59376	-0.252645958014492	-2.47267733444696	776742.832723511	84358.6999316977	5338.3041764969	760785.041739294	3.20282825739701	0.0211646998107038	0.0544235137989525
aMan-[540].SDB53	203	303	169	6	163	8	35	-6.72975326409956	-4.60194627549264	1194.82772866995	10032.2911288407	7982.20644807432	862.402413772233	-3.06977659043208	0.000793905452855248	0.00428708944541834
aMan-[1810].SDB49	132	16	46	229	4322	98	625	-3.63619996576335	-6.24917857273352	26352.2935572098	1932.04051535022	1006.10350518106	9911.57082759681	3.76973127822482	0.000270079078210577	0.00162047446926346
aMan-[1860].SDB48	2	0	0	0	30	1	7	-8.79510626554996	-10.6349625700759	151.472530611553	24.0599344929328	26.2492006789595	138.190556326963	2.65435156648793	0.0381455293071732	0.0823943433034941
(Man)3-[140].SDB18	1958	1119	1838	62	140	1	33	-5.81969260084411	-2.78904407999793	2968.51752432264	61479.955753709	14735.1143213149	4798.19462352964	-4.37230159170225	0.00228333353276103	0.0102750008974246
(Man)3-[140].SDB17	2715	1284	2484	4	488	6	41	-6.5380022532781	-2.54100987009564	1447.37710557572	78786.7951739015	15904.1474985871	606.894261541703	-5.76644108968829	7.69234922756043e-06	0.00016609930298739
(Man)3-[300].SDB15	9842	5935	8205	16	379	14	55	-5.99943525783671	-1.19507568645542	2480.1524278861	302681.044459798	76518.0283709823	1384.09984371689	-6.93122572827922	9.227739054855e-06	0.00016609930298739
(Man)3-[300].SDB16	6970	4126	6294	15	512	12	111	-5.83766308319199	-1.51974299425268	2915.64829808441	218768.104387962	53793.6352264434	864.605825059443	-6.22944189926758	8.92866502447974e-06	0.00016609930298739
(Man)3-[1160].SDB13	258	123	157	1	166	15	37	-6.52740165843438	-5.0335774008604	1462.80177475001	6515.46041532326	1111.76706265472	2134.70079775908	-2.15513284836162	0.0189884417353582	0.0541504621355318
(Man)3-[1400].SDB12	548	217	285	11	300	7	78	-6.27164990704456	-4.39776024272203	1889.10915603066	12304.8689821898	1542.75678367816	560.529557949399	-2.70345132589121	0.000166908626043604	0.00112663322579433
Gal-[<8].SDB107	5	1	1	0	39	0	1	-9.24277963284862	-9.4437797447968	96.8081248456044	79.1805599225177	38.7140623448128	72.5292864731667	0.289981864725767	0.75199173743017	0.812151076424584
Gal-[<8].SDB132	89	25	54	8	723	10	81	-6.00409041000473	-6.27362982282743	2468.6337722829	1885.37257927136	253.199657347583	824.068075123176	0.388863174203434	0.289090156078597	0.410812327059058
Gal-[110].SDB130	88	40	59	6	502	7	63	-6.32275363606724	-6.09768835649599	1794.99393465975	2248.05842730144	270.462033280489	554.966066468088	-0.324700562713729	0.356033483342679	0.491952165309628
Gal-[110].SDB129	12	14	20	2	369	2	62	-6.71943260730789	-7.3824297595727	1207.22298917325	622.087525073281	322.927965548174	730.518415744733	0.956502703695948	0.170348508608691	0.27875210499604
Gal-[380].SDB127	208	80	133	33	1001	11	115	-5.49277102335202	-5.31200165475423	4116.42165499791	4932.04458018359	180.65593864826	892.093470194882	-0.260795071620673	0.55924338357702	0.65650310245998
Gal-[510].SDB128	47	16	50	7	489	6	73	-6.29598663485506	-6.62660723409961	1843.68934719278	1324.6496970284	482.290552107974	472.492010021524	0.47698469894585	0.236228530443641	0.354342795665461
Lac-[80].SDB25	125	39	54	17	278	5	63	-6.30100727726419	-6.01105076194376	1834.45604022848	2451.5108722531	408.516586363334	718.903404819492	-0.418318826726216	0.27592655432558	0.402703619826522
Lac-[140].SDB24	31	16	10	13	155	2	29	-6.8750683720961	-7.27803838694996	1033.22699233733	690.538805923307	319.981012084153	723.452797621898	0.581362842056616	0.367955427315947	0.491952165309628
Lac-[320].SDB23	108	32	41	11	477	4	55	-6.37566410684041	-6.20812111191572	1702.48878584001	2013.01614514758	458.883009342314	259.348906052269	-0.241713447913535	0.457109600978198	0.560998146655061
Lac-[490].SDB22	100	32	41	10	387	4	25	-6.65117407309165	-6.23948641154241	1292.50372045373	1950.85720333937	374.493374475008	382.361632988661	-0.593939747712252	0.137338722125148	0.232071499572398
Lac-[840].SDB21	66	13	22	8	297	4	45	-6.65273735966448	-6.84602975180271	1290.48474527179	1063.6703560556	389.893003824424	98.8645655330118	0.27886197557939	0.866709406607838	0.883062414279684
Lac-[1190].SDB20	36	11	16	9	398	0	16	-6.93031784923511	-7.24971703143172	977.690060965009	710.375374307536	109.258449560255	761.511045276695	0.460795616219037	0.518044651120196	0.621653581344235
LNT-NAc-[30].SDB71	8	6	3	1	58	1	2	-8.65045991723131	-8.44987933750697	175.04632282144	213.926226682237	139.155729785062	109.525647610298	-0.289376607666941	0.70574725576033	0.793965662730372
LNT-NAc-[80].SDB70	136	59	76	21	440	8	59	-6.05686694658353	-5.73638362176489	2341.72615944725	3226.41514036996	461.354880894668	803.609123160988	-0.462359703403457	0.233370280050664	0.354342795665461
LNT-NAc-[160].SDB68	14	2	1	2	221	0	19	-7.47348086534655	-8.64389504569388	567.947901962666	176.199259744532	143.425244756983	368.777243304287	1.68855073377322	0.0552583080460304	0.110516616092061
LNT-NAc-[220].SDB69	27	3	5	8	357	18	33	-6.14275864724913	-7.95618564546692	2148.98713628058	350.487454435489	245.27861779903	2290.87086494232	2.61622213734296	0.00428617220988344	0.0178040999487466
LNT-NAc-[1030].SDB67	16	4	4	0	97	1	4	-8.33539288567958	-8.24086781742371	239.874932344905	263.655345443009	106.84328410771	175.875979478196	-0.136370847212428	0.857753286081492	0.883062414279684
LNT-NAc-[1490].SDB58	19	3	7	3	138	6	17	-7.22522173588955	-8.08193225043927	727.991099437624	309.073251144862	124.00357089524	709.429563611998	1.23597201081832	0.0886756943839239	0.165120258507996
Galf-[160].SDB84	42	12	49	12	299	95	108	-4.7209611280062	-6.73214344774048	8906.61403711152	1191.97528127372	574.165410877043	14295.1464255537	2.9015227590042	0.0230244406464162	0.0565145361321125
Galf-[110].SDB86	30	8	34	2	122	3	13	-7.6241656526727	-7.09387477152526	488.502654422777	830.174389405864	402.622112537408	289.349001008905	-0.765048024460061	0.212278976632954	0.337148962887633
Galf-[140].SDB82	8	1	8	2	112	3	17	-7.57283501133339	-8.55445976771242	514.23252510372	192.683855274389	118.344176333345	280.862568735318	1.41618516804187	0.0504228023849613	0.104724281876458
Galf-[160].SDB83	26	4	15	3	207	68	41	-5.16960274674657	-7.6358964900108	5686.82748127812	482.805590243256	187.098336596851	10562.8243742161	3.55810975278278	0.0298318494077069	0.0671216611673405
Galf-[840].SDB81	4	0	0	0	85	0	3	-8.56608507033696	-10.0272690086016	190.456817223139	44.1786459643096	52.498401357919	156.852561588198	2.10804282156093	0.083634564802432	0.161295232118976
Galf-[1300].SDB80	2	0	2	0	63	0	2	-8.82656501117466	-9.95364604546358	146.78156757073	47.5539336655678	37.7955940052053	116.500592176992	1.62603421884864	0.137523851598458	0.232071499572398
(Galf)3-[50].SDB34	58	13	28	9	228	5	34	-6.72869116554553	-6.83487766290495	1196.09742762624	1075.59889284743	247.189655191107	343.12877655605	0.153194733149809	0.738336702540583	0.812151076424584
(Galf)3-[80].SDB29	59	27	38	14	411	74	166	-4.83724674738505	-6.5083256432449	7928.85416567699	1490.97405675807	194.828584875091	10557.487892942	2.41085723599121	0.0200557267168636	0.0541504621355318
(Galf)3-[80].SDB28	94	20	18	4	350	1	77	-6.62621976961911	-6.59104949610588	1325.16305118193	1372.59867047813	735.069028263238	915.557526707211	-0.0507399791842463	0.93185181528815	0.93185181528815
(Galf)3-[140].SDB35	31	10	9	6	95	4	28	-7.14569631099669	-7.48374656083386	788.249171188997	562.147346059377	194.82421070456	383.335031156411	0.487703419011365	0.434834794783086	0.550212108955999
(Galf)3-[270].SDB26	148	47	60	21	570	12	161	-5.61863896005724	-5.85365065242029	3629.57774901331	2869.40481451203	565.711880815398	1147.24696694336	0.339050203123097	0.438131864539036	0.550212108955999
(Galf)3-[1190].SDB27	59	24	18	2	289	0	57	-6.9344784668637	-6.74476330975042	973.630717006924	1177.02723721751	446.126533817304	798.939709219286	-0.273701116348804	0.699527611258246	0.793965662730372
(Galf)4-[80].SDB10	1391	245	468	743	4840	1760	10162	-1.3612713644144	-3.83572482740469	256334.674916352	21585.6869011031	8759.29344714287	241856.647830578	3.56988173996661	0.0103674074374032	0.0373226667746517
(Galf)4-[1380].SDB6	95	30	43	22	696	18	242	-5.31757136660117	-6.26798201848399	4904.65087140438	1896.05092092122	273.372025103238	2168.3519658878	1.37115273427938	0.0157440938520849	0.0500106510595637
(Galf)4-[50].SDB11	950	84	255	207	1724	1623	3710	-1.7726225833242	-4.4075988632764	169886.861627933	12184.3996431294	8438.76034903593	240679.809506962	3.8014672119471	0.019141645842248	0.0541504621355318
(Galf)4-[50].SDB9	96	17	63	5	418	6	200	-5.89465494816684	-6.27158448443186	2754.1264955263	1889.23275053023	695.538962400262	2422.50963398261	0.543794372734109	0.373519236623977	0.491952165309628
(Galf)4-[50].SDB8	379	61	210	75	1694	464	3749	-2.64170407630953	-4.99064148992443	71239.7680608294	6801.30012702754	2553.91789849605	72782.9719433145	3.38880035798077	0.0130211562470216	0.0439464023336981
(Galf)4-[650].SDB2	129	32	61	31	1134	160	1313	-3.67349833890893	-6.02190229981317	25387.5003342698	2425.05202839846	464.746759503539	24367.4400671338	3.38803074840055	0.00552966097260622	0.0213286923229097
