sequence	20190703-87YUbgBS1	20190703-87YUbgBS2	20190319-87YUbgBS1	20190319-87YUbgBS2	20190703-87YUsbBS1	20190703-87YUsbBS2	20190703-87YUsbBS3	20190703-87YUsbBS4	test_coef	control_coef	test_CPM	control_CPM	sd_test	sd_control	logFC	PValue	QValue
bMan-[<8].SDB99	31	74	22	11	4	305	0	20	-6.34711510582913	-6.70368346000844	1751.79359263882	1226.38622809372	877.486628729381	1402.61824722821	0.514419396312425	0.459498556448601	0.636228770467293
bMan-[<8].SDB126	270	329	39	55	5	646	3	50	-5.64140786350779	-5.33643481817107	3547.86997182655	4812.99937666889	320.096245643815	2635.2687306427	-0.439983100112102	0.35904916981948	0.510227767638208
bMan-[80].SDB125	218	269	31	43	8	351	7	70	-5.66511824762138	-5.55734228153545	3464.73805146292	3859.01896661177	304.08172024966	408.264145484045	-0.155487851799181	0.596696215062384	0.717398213112925
bMan-[80].SDB89	86	110	6	16	5	176	5	19	-6.39085185285776	-6.59051767114854	1676.82718279124	1373.3288468533	442.179967427521	521.91020924701	0.288056885883143	0.494450562337014	0.651227569907287
bMan-[190].SDB88	68	88	6	12	4	139	5	27	-6.44042094911059	-6.79914610033704	1595.73481606022	1114.72660623535	288.08310997238	333.727385398349	0.517530996716544	0.164899505592397	0.296819110066314
bMan-[350].SDB87	52	86	5	12	1	183	1	62	-6.30567804763106	-6.91054525232794	1825.90769653261	997.213915012854	277.208862429323	1360.32469418071	0.872638916612561	0.125798800987166	0.261274432819499
aMan-[160].SDB54	26	30	5	13	9	165	3	7	-6.46141324176755	-7.37590105850914	1562.58583764859	626.162235369234	293.767568710511	1316.09118999579	1.31932703816647	0.0545335866715662	0.133855167284753
aMan-[160].SDB57	29	36	2	7	0	98	1	24	-7.01651355695818	-7.59664923568068	896.947203189582	502.131140827533	163.623381933884	576.60441746869	0.836958866735707	0.152907440521997	0.284724199592684
aMan-[460].SDB52	726	6814	209	696	299	141846	2033	59376	0.339763454367818	-3.01551436898683	1404615.29565061	49020.6143173588	38420.7069468429	1256896.92818072	4.84064267655847	0.00366966272335386	0.017932645569544
aMan-[540].SDB53	54	41	6	7	6	163	8	35	-6.12088586706404	-7.19415926983227	2196.50928568911	750.959174022004	218.203826236287	769.537635081514	1.54840621569175	0.00202607723634087	0.0124438104974733
aMan-[1810].SDB49	236	301	29	30	229	4322	98	625	-2.94529311503669	-5.58665952687945	52586.6436210506	3747.52548723917	965.281746947201	24980.1311039329	3.81068622353623	1.16281365719459e-05	0.000313959687442541
aMan-[1860].SDB48	9	15	7	2	0	30	1	7	-8.03766078777599	-8.14977733143307	323.063781666437	288.79965907542	317.284100131727	191.326378774084	0.161749981535676	0.823364331609975	0.838899507678088
(Man)3-[140].SDB18	134	127	34	25	62	140	1	33	-5.04570922411433	-5.95200783093681	6436.8935444697	2600.61368025886	954.32055384228	11446.5966139933	1.30751250562737	0.204438802750198	0.356119204790668
(Man)3-[140].SDB17	183	207	29	42	4	488	6	41	-5.77759379753605	-5.69286482309631	3096.15643157668	3369.92488866472	245.539292312601	1693.06992396878	-0.122238071243829	0.770716981567154	0.80035994239666
(Man)3-[300].SDB15	333	330	18	38	16	379	14	55	-5.3736578116239	-5.47103913693074	4637.1384719246	4206.85838400634	1915.4793281763	1601.58726209774	0.140491555095371	0.745109341025404	0.788939302262193
(Man)3-[300].SDB16	320	378	60	72	15	512	12	111	-5.18454514744807	-5.08551853792984	5602.48434014427	6185.67874950119	632.682391912133	302.388130516841	-0.142865198467997	0.584445840628157	0.717398213112925
(Man)3-[1160].SDB13	82	83	22	34	1	166	15	37	-6.01982361742408	-6.21094422034752	2430.09818420313	2007.34119656155	776.299004244771	2625.35100250763	0.275728746049359	0.663848839406872	0.746829944332732
(Man)3-[1400].SDB12	158	194	41	67	11	300	7	78	-5.61098591268502	-5.5127413236058	3657.4616417492	4035.03088261379	1338.82472629701	599.223561606097	-0.141736981458763	0.686349101478262	0.756384724078085
Gal-[<8].SDB107	19	39	6	6	0	39	0	1	-8.309908380227	-7.55821626192356	246.066586894201	521.805178023503	138.654231590593	207.179340602036	-1.08446249135168	0.143322237273619	0.276407171884837
Gal-[<8].SDB132	339	487	41	89	8	723	10	81	-5.28797843480016	-5.03592113059294	5051.9628158696	6500.20781799155	1169.52762796095	2111.54006857006	-0.363641822799592	0.309646432015262	0.476307030182544
Gal-[110].SDB130	291	403	51	56	6	502	7	63	-5.60256600538204	-5.19349164326669	3688.38714195478	5552.58528110818	596.503644892989	1383.45170364319	-0.590169553578631	0.106260861758959	0.229523461399352
Gal-[110].SDB129	103	116	15	21	2	369	2	62	-5.96414065959784	-6.31519627440747	2569.25152063996	1808.61074176021	139.479185693866	1661.22632050345	0.50646619456208	0.314829126142192	0.476307030182544
Gal-[380].SDB127	620	769	101	123	33	1001	11	115	-4.75116256827425	-4.47877048022276	8641.64286115814	11347.3563802639	807.258162271309	3903.04688640981	-0.392978714609268	0.281568814084037	0.460748968501151
Gal-[510].SDB128	164	313	23	32	7	489	6	73	-5.57599038027734	-5.70976943514319	3787.72243833662	3313.43641882873	887.848903739622	1292.01075926424	0.193002379029776	0.600068807889535	0.717398213112925
Lac-[80].SDB25	343	409	56	75	17	278	5	63	-5.60460874185452	-5.05693199458071	3680.86042917792	6365.05761873625	322.092013311107	1953.67818211562	-0.790130527302128	0.0474655064024309	0.122054159320537
Lac-[140].SDB24	89	149	30	36	13	155	2	29	-6.15621113429826	-5.96594749605742	2120.27149610288	2564.61349465766	802.722806583308	1883.42923667426	-0.274492407351552	0.611116996355454	0.717398213112925
Lac-[320].SDB23	260	386	62	71	11	477	4	55	-5.61690848616401	-5.12413499229787	3635.8640761452	5951.3631055194	933.344991627147	1554.52263336658	-0.710921875882206	0.0767838730242928	0.172763714304659
Lac-[490].SDB22	644	333	107	144	10	387	4	25	-5.87089712416705	-4.56041909447411	2820.34200175632	10457.6752709864	3762.35719860899	1498.7749913924	-1.89062015463194	0.0020615843447487	0.0124438104974733
Lac-[840].SDB21	546	1012	75	112	8	297	4	45	-5.92880582010903	-4.51822633503191	2661.65859084751	10908.3542863242	2693.7053478274	720.158242293662	-2.03503602790048	5.96132006439838e-05	0.000643822566955025
Lac-[1190].SDB20	140	94	28	73	9	398	0	16	-6.05875880062851	-5.70898620449793	2337.30014334858	3316.03262035266	1985.1870324386	2092.45700978014	-0.504615189876451	0.507523817737348	0.652530622805161
LNT-NAc-[30].SDB71	93	333	12	19	1	58	1	2	-7.78268296957016	-5.99792623201075	416.892163815866	2483.89786722371	1634.45724843076	219.823952748622	-2.57485969447013	0.00207396841624554	0.0124438104974733
LNT-NAc-[80].SDB70	678	884	79	134	21	440	8	59	-5.3445834802787	-4.45212334515002	4773.93923112295	11653.795650198	1815.52398822295	2323.69931253814	-1.28754781114124	0.00398503234878756	0.017932645569544
LNT-NAc-[160].SDB68	615	624	23	77	2	221	0	19	-6.63510881571941	-4.87679722506242	1313.43581492044	7621.38455953773	3949.70936769435	1013.94154899474	-2.53670741217842	0.00243016213960228	0.0131228755538523
LNT-NAc-[220].SDB69	9849	15892	683	2100	8	357	18	33	-5.52946288936856	-1.77391872262476	3968.11983616721	169666.807231311	64272.1047017705	2574.10693184811	-5.41810494520076	3.30942490746578e-05	0.00044677236250788
LNT-NAc-[1030].SDB67	537	1154	95	171	0	97	1	4	-7.46155699263362	-4.32903620057577	574.760576467127	13180.2444824633	2946.2689672833	461.703110162685	-4.51927221218342	1.14079289301438e-05	0.000313959687442541
LNT-NAc-[1490].SDB58	415	633	73	132	3	138	6	17	-6.54840555448001	-4.68694302778324	1432.39765854356	9214.81256951673	1285.9777287492	741.218609397753	-2.68552275606607	1.834310158685e-05	0.0003301758285633
Galf-[160].SDB84	103	160	20	38	12	299	95	108	-4.33953094962552	-6.01032443818707	13042.6444261697	2453.29210963861	497.115400603159	18151.9976035206	2.41044548029733	0.0101404328647679	0.0391130981926761
Galf-[110].SDB86	45	71	6	13	2	122	3	13	-6.87429264617791	-6.9717195427942	1034.02880424759	938.038520852633	172.494236928548	343.822953943978	0.140557300597529	0.707095913091065	0.76366358613835
Galf-[140].SDB82	6	23	3	3	2	112	3	17	-6.85005158094486	-8.27543831890996	1059.40104659129	254.696397820922	107.30634867453	253.485032461566	2.05639837821114	0.00134785664396483	0.0121307097956834
Galf-[160].SDB83	56	105	16	16	3	207	68	41	-4.81885753358512	-6.54128059720358	8076.00843899174	1442.63987501209	330.935235159453	13671.882709999	2.48493121219513	0.0231475529295938	0.0624983929099032
Galf-[840].SDB81	6	9	3	1	0	85	0	3	-7.64040696570714	-8.80970944181977	480.632811179639	149.276623182101	122.094753443838	447.354875653843	1.68694688358688	0.0656561757548401	0.154149282207016
Galf-[1300].SDB80	2	12	3	0	0	63	0	2	-7.8975627633839	-8.98295151223791	371.648232217186	125.531791563921	158.843205540352	332.627364095431	1.56588496540835	0.133660863872884	0.267321727745768
(Galf)3-[50].SDB34	155	212	26	49	9	228	5	34	-6.02788442267434	-5.71205017618313	2410.58837403134	3305.88793974022	519.410786545812	745.721549437641	-0.455652501155768	0.227854622637175	0.384504675700232
(Galf)3-[80].SDB29	127	131	44	48	14	411	74	166	-4.40680982443649	-5.70509549919247	12194.0174015823	3328.95945701097	1474.40008288063	12905.0956789433	1.87303030462763	0.0124890664562759	0.0414746598784327
(Galf)3-[80].SDB28	157	187	45	56	4	350	1	77	-5.88723234835626	-5.549823619703	2774.64533167798	3888.14297481229	1233.10504215532	1749.50419207964	-0.486777899580714	0.355826093093775	0.510227767638208
(Galf)3-[140].SDB35	78	85	30	29	6	95	4	28	-6.50134519240056	-6.16275454752043	1501.41813765936	2106.44297576254	1026.17315177992	540.215695968616	-0.488483044259967	0.317538020121696	0.476307030182544
(Galf)3-[270].SDB26	413	541	57	98	21	570	12	161	-4.96064110325449	-4.8657278755544	7008.4332626241	7706.21698262118	689.196721358436	1533.69264856205	-0.136930842917686	0.624441501186922	0.717443426895612
(Galf)3-[1190].SDB27	113	134	37	38	2	289	0	57	-6.16764273492442	-5.8558887071971	2096.17141285611	2862.9901102676	1082.3220958666	1578.47931715592	-0.449765989779368	0.483001672272647	0.651227569907287
(Galf)4-[80].SDB10	413	473	283	1183	743	4840	1760	10162	-0.902751796586402	-3.30687685801806	405452.400678653	36630.3972242238	43071.6376697689	302455.725503991	3.46841930380433	0.0130568373691362	0.0414746598784327
(Galf)4-[1380].SDB6	233	296	44	85	22	696	18	242	-4.69134784798881	-5.24809425800877	9174.31224073701	5257.52835050719	1262.76582633355	2304.40023030973	0.803215284768528	0.0220646636547531	0.0624983929099032
(Galf)4-[50].SDB11	435	437	248	626	207	1724	1623	3710	-1.40007443905955	-3.73117349892008	246578.608178725	23964.6967835685	21402.1670628044	308115.77793853	3.36306505348172	0.015865901875584	0.0475977056267521
(Galf)4-[50].SDB9	227	368	52	54	5	418	6	200	-5.26514924290015	-5.28098222467647	5168.62159068001	5087.43133720761	788.730894814805	3822.2120983807	0.0228421642911839	0.961227408785331	0.961227408785331
(Galf)4-[50].SDB8	526	695	219	297	75	1694	464	3749	-2.20628590124852	-4.03695976556869	110108.845129226	17651.054266588	8684.4076112952	99754.8922777853	2.64110410553974	0.0119159405810626	0.0414746598784327
(Galf)4-[650].SDB2	277	276	85	145	31	1134	160	1313	-3.21346178438395	-4.85126151163295	40217.1489154607	7818.50818634716	3792.80491030553	32341.1886962975	2.36284554447144	0.00619697363910468	0.025741275116281
